INT 0 3
LIT 0 1
STO 0 0
LIT 0 4
STO 0 2
LIT 0 3
STO 0 1
LOD 0 2
LOD 0 1
OPR 0 4
STO 0 2
LOD 0 1
LIT 0 1
OPR 0 3
STO 0 1
LOD 0 1
LOD 0 0
OPR 0 7
JPC 0 7
OPR 0 0





N    Instruction  Level    Argument    StackPtr     ProgCounter         Stack

0       INT         0          3          0             1           [0][0][0]
1       LIT         0          1          1             2           [0][0][0][1]
2       STO         0          0          0             3           [1][0][0]
3       LIT         0          4          4             4           [1][0][0][4]
4       STO         0          2          4             5           [1][0][4]
5       LIT         0          3          3             6           [1][0][4][3]
6       STO         0          1          4             7           [1][3][4]
7       LOD         0          2          4             8           [1][3][4][4]
8       LOD         0          1          3             9           [1][3][4][4][3]
9       OPR         0          4         12            10           [1][3][4][12]
10       STO         0          2         12            11          [1][3][12]
11       LOD         0          1          3            12          [1][3][12][3]
12       LIT         0          1          1            13          [1][3][12][3][1]
13       OPR         0          3          2            14          [1][3][12][2]
14       STO         0          1         12            15          [1][2][12]
15       LOD         0          1          2            16          [1][2][12][2]
16       LOD         0          0          1            17          [1][2][12][2][1]
17       OPR         0          7          0            18          [1][2][12][0]
18       JPC         0          7         12             7          [1][2][12]
19       LOD         0          2         12             8          [1][2][12][12]
20       LOD         0          1          2             9          [1][2][12][12][2]
21       OPR         0          4         24            10          [1][2][12][24]
22       STO         0          2         24            11          [1][2][24]
23       LOD         0          1          2            12          [1][2][24][2]
24       LIT         0          1          1            13          [1][2][24][2][1]
25       OPR         0          3          1            14          [1][2][24][1]
26       STO         0          1         24            15          [1][1][24]
27       LOD         0          1          1            16          [1][1][24][1]
28       LOD         0          0          1            17          [1][1][24][1][1]
29       OPR         0          7          1            18          [1][1][24][1]
30       JPC         0          7         24            19          [1][1][24]

OUTPUT: 24
