
INT 0 3
LIT 0 1
STO 0 0
LIT 0 1
STO 0 1
LIT 0 3
STO 0 2
LOD 0 0
LOD 0 1
OPR 0 2
LOD 0 1
STO 0 0
STO 0 1
LIT 0 5
LOD 0 2
OPR 0 11
JPC 0 22
LOD 0 2
LIT 0 1
OPR 0 2
STO 0 2
JMP 0 7
LOD 0 1
OPR 0 0


N    Instruction  Level    Argument    StackPtr     ProgCounter         Stack

0       INT         0          3          0             1           [0][0][0]
1       LIT         0          1          1             2           [0][0][0][1]
2       STO         0          0          0             3           [1][0][0]
3       LIT         0          1          1             4           [1][0][0][1]
4       STO         0          1          0             5           [1][1][0]
5       LIT         0          3          3             6           [1][1][0][3]
6       STO         0          2          3             7           [1][1][3]
7       LOD         0          0          1             8           [1][1][3][1]
8       LOD         0          1          1             9           [1][1][3][1][1]
9       OPR         0          2          2            10           [1][1][3][2]
10       LOD         0          1          1            11          [1][1][3][2][1]
11       STO         0          0          2            12          [1][1][3][2]
12       STO         0          1          3            13          [1][2][3]
13       LIT         0          5          5            14          [1][2][3][5]
14       LOD         0          2          3            15          [1][2][3][5][3]
15       OPR         0         11          1            16          [1][2][3][1]
16       JPC         0         22          3            17          [1][2][3]
17       LOD         0          2          3            18          [1][2][3][3]
18       LIT         0          1          1            19          [1][2][3][3][1]
19       OPR         0          2          4            20          [1][2][3][4]
20       STO         0          2          4            21          [1][2][4]
21       JMP         0          7          4             7          [1][2][4]
22       LOD         0          0          1             8          [1][2][4][1]
23       LOD         0          1          2             9          [1][2][4][1][2]
24       OPR         0          2          3            10          [1][2][4][3]
25       LOD         0          1          2            11          [1][2][4][3][2]
26       STO         0          0          3            12          [2][2][4][3]
27       STO         0          1          4            13          [2][3][4]
28       LIT         0          5          5            14          [2][3][4][5]
29       LOD         0          2          4            15          [2][3][4][5][4]
30       OPR         0         11          1            16          [2][3][4][1]
31       JPC         0         22          4            17          [2][3][4]
32       LOD         0          2          4            18          [2][3][4][4]
33       LIT         0          1          1            19          [2][3][4][4][1]
34       OPR         0          2          5            20          [2][3][4][5]
35       STO         0          2          5            21          [2][3][5]
36       JMP         0          7          5             7          [2][3][5]
37       LOD         0          0          2             8          [2][3][5][2]
38       LOD         0          1          3             9          [2][3][5][2][3]
39       OPR         0          2          5            10          [2][3][5][5]
40       LOD         0          1          3            11          [2][3][5][5][3]
41       STO         0          0          5            12          [3][3][5][5]
42       STO         0          1          5            13          [3][5][5]
43       LIT         0          5          5            14          [3][5][5][5]
44       LOD         0          2          5            15          [3][5][5][5][5]
45       OPR         0         11          0            16          [3][5][5][0]
46       JPC         0         22          5            22          [3][5][5]
47       LOD         0          1          5            23          [3][5][5][5]

OUTPUT: 5
