2. Soma dos números naturais de 1 até 10.

INT 0 3
LIT 0 1
STO 0 0
LIT 0 2
STO 0 1
LOD 0 0
LOD 0 1
OPR 0 2
STO 0 2
LOD 0 0
LOD 0 1
OPR 0 2
STO 0 1
LOD 0 1
LOD 0 2
OPR 0 2
STO 0 2
LOD 0 1
LIT 0 10
OPR 0 7
JPC 0 9
OPR 0 0


N    Instruction  Level    Argument    StackPtr     ProgCounter         Stack

0       INT         0          3          0             1           [0][0][0]
1       LIT         0          1          1             2           [0][0][0][1]
2       STO         0          0          0             3           [1][0][0]
3       LIT         0          2          2             4           [1][0][0][2]
4       STO         0          1          0             5           [1][2][0]
5       LOD         0          0          1             6           [1][2][0][1]
6       LOD         0          1          2             7           [1][2][0][1][2]
7       OPR         0          2          3             8           [1][2][0][3]
8       STO         0          2          3             9           [1][2][3]
9       LOD         0          0          1            10           [1][2][3][1]
10       LOD         0          1          2            11          [1][2][3][1][2]
11       OPR         0          2          3            12          [1][2][3][3]
12       STO         0          1          3            13          [1][3][3]
13       LOD         0          1          3            14          [1][3][3][3]
14       LOD         0          2          3            15          [1][3][3][3][3]
15       OPR         0          2          6            16          [1][3][3][6]
16       STO         0          2          6            17          [1][3][6]
17       LOD         0          1          3            18          [1][3][6][3]
18       LIT         0         10         10            19          [1][3][6][3][10]
19       OPR         0          7          0            20          [1][3][6][0]
20       JPC         0          9          6             9          [1][3][6]
21       LOD         0          0          1            10          [1][3][6][1]
22       LOD         0          1          3            11          [1][3][6][1][3]
23       OPR         0          2          4            12          [1][3][6][4]
24       STO         0          1          6            13          [1][4][6]
25       LOD         0          1          4            14          [1][4][6][4]
26       LOD         0          2          6            15          [1][4][6][4][6]
27       OPR         0          2         10            16          [1][4][6][10]
28       STO         0          2         10            17          [1][4][10]
29       LOD         0          1          4            18          [1][4][10][4]
30       LIT         0         10         10            19          [1][4][10][4][10]
31       OPR         0          7          0            20          [1][4][10][0]
32       JPC         0          9         10             9          [1][4][10]
33       LOD         0          0          1            10          [1][4][10][1]
34       LOD         0          1          4            11          [1][4][10][1][4]
35       OPR         0          2          5            12          [1][4][10][5]
36       STO         0          1         10            13          [1][5][10]
37       LOD         0          1          5            14          [1][5][10][5]
38       LOD         0          2         10            15          [1][5][10][5][10]
39       OPR         0          2         15            16          [1][5][10][15]
40       STO         0          2         15            17          [1][5][15]
41       LOD         0          1          5            18          [1][5][15][5]
42       LIT         0         10         10            19          [1][5][15][5][10]
43       OPR         0          7          0            20          [1][5][15][0]
44       JPC         0          9         15             9          [1][5][15]
45       LOD         0          0          1            10          [1][5][15][1]
46       LOD         0          1          5            11          [1][5][15][1][5]
47       OPR         0          2          6            12          [1][5][15][6]
48       STO         0          1         15            13          [1][6][15]
49       LOD         0          1          6            14          [1][6][15][6]
50       LOD         0          2         15            15          [1][6][15][6][15]
51       OPR         0          2         21            16          [1][6][15][21]
52       STO         0          2         21            17          [1][6][21]
53       LOD         0          1          6            18          [1][6][21][6]
54       LIT         0         10         10            19          [1][6][21][6][10]
55       OPR         0          7          0            20          [1][6][21][0]
56       JPC         0          9         21             9          [1][6][21]
57       LOD         0          0          1            10          [1][6][21][1]
58       LOD         0          1          6            11          [1][6][21][1][6]
59       OPR         0          2          7            12          [1][6][21][7]
60       STO         0          1         21            13          [1][7][21]
61       LOD         0          1          7            14          [1][7][21][7]
62       LOD         0          2         21            15          [1][7][21][7][21]
63       OPR         0          2         28            16          [1][7][21][28]
64       STO         0          2         28            17          [1][7][28]
65       LOD         0          1          7            18          [1][7][28][7]
66       LIT         0         10         10            19          [1][7][28][7][10]
67       OPR         0          7          0            20          [1][7][28][0]
68       JPC         0          9         28             9          [1][7][28]
69       LOD         0          0          1            10          [1][7][28][1]
70       LOD         0          1          7            11          [1][7][28][1][7]
71       OPR         0          2          8            12          [1][7][28][8]
72       STO         0          1         28            13          [1][8][28]
73       LOD         0          1          8            14          [1][8][28][8]
74       LOD         0          2         28            15          [1][8][28][8][28]
75       OPR         0          2         36            16          [1][8][28][36]
76       STO         0          2         36            17          [1][8][36]
77       LOD         0          1          8            18          [1][8][36][8]
78       LIT         0         10         10            19          [1][8][36][8][10]
79       OPR         0          7          0            20          [1][8][36][0]
80       JPC         0          9         36             9          [1][8][36]
81       LOD         0          0          1            10          [1][8][36][1]
82       LOD         0          1          8            11          [1][8][36][1][8]
83       OPR         0          2          9            12          [1][8][36][9]
84       STO         0          1         36            13          [1][9][36]
85       LOD         0          1          9            14          [1][9][36][9]
86       LOD         0          2         36            15          [1][9][36][9][36]
87       OPR         0          2         45            16          [1][9][36][45]
88       STO         0          2         45            17          [1][9][45]
89       LOD         0          1          9            18          [1][9][45][9]
90       LIT         0         10         10            19          [1][9][45][9][10]
91       OPR         0          7          0            20          [1][9][45][0]
92       JPC         0          9         45             9          [1][9][45]
93       LOD         0          0          1            10          [1][9][45][1]
94       LOD         0          1          9            11          [1][9][45][1][9]
95       OPR         0          2         10            12          [1][9][45][10]
96       STO         0          1         45            13          [1][10][45]
97       LOD         0          1         10            14          [1][10][45][10]
98       LOD         0          2         45            15          [1][10][45][10][45]
99       OPR         0          2         55            16          [1][10][45][55]
100       STO         0          2         55            17             [1][10][55]
101       LOD         0          1         10            18             [1][10][55][10]
102       LIT         0         10         10            19             [1][10][55][10][10]
103       OPR         0          7          1            20             [1][10][55][1]
104       JPC         0          9         55            21             [1][10][55]

OUTPUT: 55
